[[318 307  77 117]]
[[320 305  77 118]]
[[320 306  77 119]]
[[316 307  78 119]]
[[318 304  77 119]]
[[318 306  77 119]]
[[318 305  77 120]]
[[320 306  78 121]]
[[320 306  78 120]]
[[316 307  77 117]]
[[317 306  78 118]]
[[316 306  80 117]]
[[317 306  81 117]]
[[315 307  81 118]]
[[316 307  81 118]]
[[318 306  80 117]]
[[314 306  81 117]]
[[314 307  82 116]]
[[314 306  82 118]]
[[316 307  84 119]]
[[312 306  85 120]]
[[316 307  82 119]]
[[314 305  83 120]]
[[312 306  84 118]]
[[314 305  83 117]]
[[313 308  84 118]]
[[314 305  82 117]]
[[316 305  79 119]]
[[316 306  79 118]]
[[318 306  79 118]]
[[316 307  80 119]]
[[316 308  81 119]]
[[317 306  80 118]]
[[317 306  79 118]]
[[317 306  78 118]]
[[315 305  78 119]]
[[317 307  79 118]]
[[314 308  80 118]]
[[318 306  80 119]]
[[318 307  80 120]]
[[314 307  82 119]]
[[315 305  81 121]]
[[317 304  80 122]]
[[319 305  81 120]]
[[316 304  81 122]]
[[316 304  80 122]]
[[316 304  80 121]]
[[317 305  81 124]]
[[319 302  80 123]]
[[317 300  79 125]]
[[314 302  79 123]]
[[316 303  81 125]]
[[317 302  80 125]]
[[319 303  82 127]]
[[316 308  81 123]]
[[318 302  81 123]]
[[311 305  83 121]]
[[316 302  82 124]]
[[314 304  84 124]]
[[316 303  83 127]]
[[314 304  83 126]]
[[319 305  80 123]]
[[317 302  79 124]]
[[317 303  81 122]]
[[315 305  83 122]]
[[314 304  84 122]]
[[312 307  84 121]]
[[318 308  79 117]]
[[315 309  82 116]]
[[317 310  82 110]]
[[316 307  81 115]]
[[317 309  80 113]]
[[315 308  80 113]]
[[316 310  82 115]]
[[314 311  82 113]]
[[313 307  82 112]]
[[316 308  81 115]]
[[318 308  81 114]]
[[315 308  82 115]]
[[315 309  83 115]]
[[314 310  82 114]]
[[316 309  83 116]]
[[316 309  83 115]]
[[317 310  82 114]]
[[315 310  83 113]]
[[317 310  84 115]]
[[312 307  85 117]]
[[316 309  83 115]]
[[320 309  79 117]]
[[318 311  81 115]]
[[318 310  81 116]]
[[317 311  81 117]]
[[319 310  80 116]]
[[319 309  81 116]]
[[319 310  80 118]]
[[318 308  81 118]]
[[321 309  80 120]]
[[320 308  80 119]]
[[321 311  82 119]]
[[321 310  81 120]]
[[320 310  81 121]]
[[322 311  81 120]]
[[319 310  83 120]]
[[318 310  82 118]]
[[320 308  83 124]]
[[319 308  83 123]]
[[319 311  84 123]]
[[320 308  83 123]]
[[319 311  84 124]]
[[320 312  80 122]]
[[320 311  83 124]]
[[323 310  80 123]]
[[325 311  80 125]]
[[323 311  79 124]]
[[324 311  79 122]]
[[324 314  78 120]]
[[322 313  79 122]]
[[302 288  78 121]]
[[303 288  78 121]]
[[301 289  78 121]]
[[302 288  79 120]]
[[301 289  79 122]]
[[301 290  79 122]]
[[303 289  79 121]]
[[302 290  80 121]]
[[303 291  80 120]]
[[301 291  79 121]]
[[300 294  80 121]]
[[300 292  80 120]]
[[302 292  80 121]]
[[301 290  80 122]]
[[303 291  80 122]]
[[301 291  79 122]]
[[302 291  81 123]]
[[304 291  78 124]]
[[301 293  81 123]]
[[298 295  81 122]]
[[299 296  80 121]]
[[301 294  80 122]]
[[299 297  82 121]]
[[301 297  79 123]]
[[302 297  79 123]]
[[300 296  81 123]]
[[302 299  79 122]]
[[300 299  79 122]]
[[302 298  79 123]]
[[299 299  80 123]]
[[303 300  79 124]]
[[302 299  80 122]]
[[303 298  79 123]]
[[302 301  80 122]]
[[303 302  80 123]]
[[304 302  81 122]]
[[305 307  78 121]]
[[305 305  79 121]]
[[305 303  78 122]]
[[303 305  77 122]]
[[306 307  77 119]]
[[305 308  77 120]]
[[305 306  78 119]]
[[305 308  79 119]]
[[305 308  80 122]]
[[304 306  80 122]]
[[304 307  79 123]]
[[301 308  81 123]]
[[304 308  81 123]]
[[299 312  82 122]]
[[299 313  83 124]]
[[301 309  82 126]]
[[300 313  83 125]]
[[299 313  84 124]]
[[297 315  83 124]]
[[298 313  85 125]]
[[297 313  84 125]]
[[299 318  83 124]]
[[301 318  81 125]]
[[301 316  80 124]]
[[302 316  80 124]]
[[302 319  79 126]]
[[302 319  80 127]]
[[299 320  82 125]]
[[304 315  80 130]]
[[300 317  81 128]]
[[306 320  78 123]]
[[307 321  78 123]]
[[307 324  77 122]]
[[304 321  80 124]]
[[303 323  80 125]]
[[303 324  81 124]]
[[301 327  81 124]]
[[300 324  81 125]]
[[301 326  82 123]]
[[299 327  83 128]]
[[300 326  82 127]]
[[300 327  82 129]]
[[299 331  81 127]]
[[296 329  84 129]]
[[301 326  84 130]]
[[302 335  79 124]]
[[301 337  80 125]]
[[301 337  79 125]]
[[302 334  78 125]]
[[299 337  79 125]]
[[298 338  80 127]]
[[298 338  80 128]]
[[299 339  79 127]]
[[297 339  80 127]]
[[296 340  80 128]]
[[295 340  81 127]]
[[295 343  82 127]]
[[297 345  81 123]]
[[296 343  81 130]]
[[297 340  81 129]]
[[300 345  82 128]]
[[300 347  81 128]]
[[295 344  83 129]]
[[294 346  82 128]]
[[295 344  82 130]]
[[296 348  82 127]]
[[295 348  84 128]]
[[294 349  84 129]]
[[290 346  85 129]]
[[293 350  84 129]]
[[292 347  86 130]]
[[295 351  84 128]]
[[298 351  82 129]]
[[295 352  83 131]]
[[294 351  84 131]]
[[294 352  83 131]]
[[295 354  84 128]]
[[297 353  81 130]]
[[297 357  81 131]]
[[297 358  81 128]]
[[297 359  81 128]]
[[296 362  81 129]]
[[296 358  80 130]]
[[298 360  80 130]]
[[299 361  78 131]]
[[299 363  79 130]]
[[299 356  78 132]]
[[300 364  80 132]]
[[302 363  78 131]]
[[299 362  78 133]]
[[301 365  78 133]]
[[301 364  77 134]]
[[299 367  79 133]]
[[301 366  77 135]]
[[296 370  84 133]]
[[297 364  84 134]]
[[295 366  84 134]]
[[296 368  85 133]]
[[295 368  85 133]]
[[296 371  84 133]]
[[298 372  84 132]]
[[297 373  83 132]]
[[293 373  83 131]]
[[295 375  83 129]]
[[297 375  81 131]]
[[298 376  81 132]]
[[296 376  82 130]]
[[ 85  17 558 562]]
[[ 91  79 564 562]]
[[ 92  78 558 560]]
[[137  56 562 564]]
[[ 99  79 561 563]]
[[ 97  79 561 563]]
[[ 93  73 556 567]]
[[ 94  73 554 566]]
[[136  75 556 570]]
[[ 96  80 555 560]]
[[334 321  80 115]]
[[331 318  79 115]]
[[332 318  80 115]]
[[335 319  79 118]]
[[335 321  80 115]]
[[334 320  79 120]]
[[332 317  80 121]]
[[334 320  79 120]]
[[335 317  79 121]]
[[335 316  79 122]]
[[334 319  79 118]]
[[334 321  79 119]]
[[334 318  79 119]]
[[334 319  80 119]]
[[334 318  80 121]]
[[331 317  79 121]]
[[337 321  77 115]]
[[334 320  78 115]]
[[336 323  77 115]]
[[334 320  77 116]]
[[336 322  77 114]]
[[333 320  78 115]]
[[337 323  76 115]]
[[335 322  78 116]]
[[333 321  79 114]]
[[335 319  76 116]]
[[335 319  77 119]]
[[336 319  77 117]]
[[333 321  76 116]]
[[333 317  76 118]]
[[337 316  77 119]]
[[335 320  75 114]]
[[335 320  74 115]]
[[334 320  75 116]]
[[337 321  74 114]]
[[334 321  75 115]]
[[337 318  71 116]]
[[334 320  76 116]]
[[334 321  76 115]]
[[336 320  76 114]]
[[336 322  73 115]]
[[337 321  73 116]]
[[338 321  73 115]]
[[336 319  76 115]]
[[334 322  76 112]]
[[335 322  76 112]]
[[334 323  78 111]]
[[335 322  77 112]]
[[336 322  77 114]]
[[336 323  76 114]]
[[334 322  77 113]]
[[337 322  77 111]]
[[334 320  76 114]]
[[338 323  75 111]]
[[337 322  75 113]]
[[335 322  77 112]]
[[336 323  74 112]]
[[337 321  74 112]]
[[334 322  79 114]]
[[335 322  79 114]]
[[337 321  77 115]]
[[335 323  78 111]]
[[335 321  78 111]]
[[335 322  79 112]]
[[336 325  74 110]]
[[336 323  76 110]]
[[337 322  75 110]]
[[337 321  76 114]]
[[336 322  76 115]]
[[336 324  75 113]]
[[338 324  72 109]]
[[335 323  73 110]]
[[335 321  77 112]]
[[335 323  75 111]]
[[336 324  75 113]]
[[338 322  74 112]]
[[336 324  75 112]]
[[335 320  75 113]]
[[335 322  76 112]]
[[336 321  76 113]]
[[340 325  75 110]]
[[337 322  73 115]]
[[335 323  73 113]]
[[338 321  74 114]]
[[337 323  74 114]]
[[338 324  74 112]]
[[338 322  75 111]]
[[340 323  72 114]]
[[340 324  72 114]]
[[340 321  71 115]]
[[340 322  71 114]]
[[342 323  72 114]]
[[341 322  71 114]]
[[339 321  71 114]]
[[341 321  74 116]]
[[343 323  72 114]]
[[339 325  76 111]]
[[339 325  75 110]]
[[340 326  75 112]]
[[338 325  76 112]]
[[339 327  75 109]]
[[336 325  75 110]]
[[339 328  76 108]]
[[338 324  76 117]]
[[340 328  76 116]]
[[340 322  75 117]]
[[339 324  77 118]]
[[339 326  76 117]]
[[339 325  76 117]]
[[341 324  77 118]]
[[341 327  74 117]]
[[341 325  76 117]]
[[342 325  78 121]]
[[341 327  77 121]]
[[341 325  76 121]]
[[341 326  76 122]]
[[342 326  76 120]]
[[342 327  76 124]]
[[342 325  75 120]]
[[339 327  76 122]]
[[342 328  75 122]]
[[341 324  77 121]]
[[342 329  77 122]]
[[342 328  77 122]]
[[343 329  77 122]]
[[345 328  76 123]]
[[341 330  78 123]]
[[343 329  77 124]]
[[342 326  78 125]]
[[343 330  76 123]]
[[346 329  76 124]]
[[342 333  77 122]]
[[341 332  77 121]]
[[342 333  78 121]]
[[340 331  78 122]]
[[343 332  73 125]]
[[343 335  75 124]]
[[344 332  73 124]]
[[345 333  74 123]]
[[344 335  75 123]]
[[342 336  74 123]]
[[344 336  74 123]]
[[346 334  73 125]]
[[348 334  73 126]]
[[346 336  74 123]]
[[344 341  73 119]]
[[347 336  73 125]]
[[343 337  74 124]]
[[344 339  75 122]]
[[343 342  76 122]]
[[344 342  74 119]]
[[344 340  73 126]]
[[344 340  73 125]]
[[345 341  74 124]]
[[348 341  73 125]]
[[347 341  74 125]]
[[345 343  74 126]]
[[345 343  75 125]]
[[347 343  74 125]]
[[346 344  74 124]]
[[347 343  75 127]]
[[347 341  75 126]]
[[348 343  74 126]]
[[346 346  74 128]]
[[344 346  74 121]]
[[346 347  74 125]]
[[348 347  73 125]]
[[346 349  74 124]]
[[348 350  69 124]]
[[347 352  70 124]]
[[350 352  69 124]]
[[349 352  69 124]]
[[349 352  70 125]]
[[352 352  68 127]]
[[351 354  67 123]]
[[351 352  67 125]]
[[350 353  69 124]]
[[353 356  67 126]]
[[353 353  67 124]]
[[347 354  72 128]]
[[349 356  72 126]]
[[350 356  72 126]]
[[348 355  73 126]]
[[351 357  72 126]]
[[351 356  71 128]]
[[350 357  72 128]]
[[351 357  72 128]]
[[353 357  72 131]]
[[351 359  72 128]]
[[350 356  72 128]]
[[352 363  71 127]]
[[351 362  70 130]]
[[347 360  70 129]]
[[343 365  76 126]]
[[349 365  77 126]]
[[346 363  76 127]]
[[342 363  73 128]]
[[344 363  73 127]]
[[344 367  75 126]]
[[345 371  73 126]]
[[344 367  73 125]]
[[344 368  73 125]]
[[345 369  73 126]]
[[341 372  74 128]]
[[346 372  72 124]]
[[342 375  72 124]]
[[341 377  74 127]]
[[342 378  74 127]]
[[342 378  75 126]]
[[344 378  75 129]]
[[338 376  75 130]]
[[342 376  74 129]]
[[339 376  75 129]]
[[342 382  74 129]]
[[342 378  74 130]]
[[338 378  76 134]]
[[336 382  76 133]]
[[338 380  76 130]]
[[338 378  76 130]]
[[345 388  67 121]]
[[341 386  67 122]]
[[343 389  68 123]]
[[344 388  65 122]]
[[343 389  66 121]]
[[343 390  66 120]]
[[347 393  66 119]]
[[345 392  69 128]]
[[343 390  69 126]]
[[344 395  69 127]]
[[346 394  69 127]]
[[346 398  70 128]]
[[347 395  69 129]]
[[346 395  69 130]]
[[345 394  69 130]]
[[345 396  70 130]]
[[347 394  69 129]]
[[344 394  70 130]]
[[344 395  70 129]]
[[346 398  72 129]]
[[346 401  72 129]]
[[343 397  72 130]]
[[347 401  71 130]]
[[347 401  72 129]]
[[346 403  72 128]]
[[350 402  71 129]]
[[328 311  91 123]]
[[329 303  78 118]]
[[332 305  78 117]]
[[328 303  79 118]]
[[329 303  79 120]]
[[331 301  78 118]]
[[330 299  79 118]]
[[328 304  81 116]]
[[332 307  82 116]]
[[302 314  83 118]]
[[302 318  83 117]]
[[303 317  83 118]]
[[302 318  83 119]]
[[302 317  84 117]]
[[301 312  84 118]]
[[300 318  84 114]]
[[300 320  86 115]]
[[301 316  86 113]]
[[320 314  70 117]]
[[322 317  70 117]]
[[321 316  69 114]]
[[323 313  69 117]]
[[319 316  72 115]]
[[319 315  72 115]]
[[327 308  72 108]]
[[330 308  72 108]]
[[326 310  72 106]]
[[327 308  73 106]]
[[326 309  73 106]]
[[327 310  72 105]]
[[326 309  73 104]]
[[327 312  74 104]]
[[325 311  74 106]]
[[325 313  87 120]]
[[318 302  83 117]]
[[318 302  83 117]]
[[317 303  83 117]]
[[321 302  83 118]]
[[313 302  84 117]]
[[316 305  82 114]]
[[318 302  84 118]]
[[317 302  83 118]]
[[318 303  84 116]]
[[319 302  82 117]]
[[317 305  84 114]]
[[316 300  86 119]]
[[316 302  86 118]]
[[315 298  85 121]]
[[314 298  85 121]]
[[320 298  84 120]]
[[317 300  84 118]]
[[317 301  84 119]]
[[319 301  83 120]]
[[316 302  85 118]]
[[319 302  82 118]]
[[317 301  82 117]]
[[321 302  82 117]]
[[318 300  82 117]]
[[316 302  84 116]]
[[317 301  83 119]]
[[317 300  83 120]]
[[319 300  82 119]]
[[316 301  83 117]]
[[320 301  83 119]]
[[318 301  83 119]]
[[316 299  85 121]]
[[318 301  83 121]]
[[316 299  86 119]]
[[319 299  84 119]]
[[318 301  84 120]]
[[314 304  87 116]]
[[317 300  84 119]]
[[316 299  84 121]]
[[319 302  83 118]]
[[315 299  85 118]]
[[316 303  85 117]]
[[317 300  86 119]]
[[317 302  87 119]]
[[315 299  87 119]]
[[315 298  86 119]]
[[317 298  86 117]]
[[318 301  85 121]]
[[320 299  82 121]]
[[315 300  86 120]]
[[316 297  86 121]]
[[318 297  85 122]]
[[318 301  84 119]]
[[315 298  83 120]]
[[317 301  84 118]]
[[320 287  65 109]]
[[320 286  63 110]]
[[323 288  62 110]]
[[322 287  63 110]]
[[323 288  62 108]]
[[321 287  61 108]]
[[322 289  62 107]]
[[323 287  61 109]]
[[322 286  62 107]]
[[327 290  60 106]]
[[321 288  62 107]]
[[321 288  61 107]]
[[321 289  63 107]]
[[320 288  63 109]]
[[321 289  63 106]]
[[322 288  62 107]]
[[321 290  62 107]]
[[321 287  63 109]]
[[322 286  62 110]]
[[323 287  61 109]]
[[325 287  61 109]]
[[326 313  73 112]]
[[325 310  73 113]]
[[327 313  73 111]]
[[324 311  73 115]]
[[327 313  73 112]]
[[327 312  73 112]]
[[325 314  74 110]]
[[326 314  72 110]]
[[326 313  73 112]]
[[327 310  71 113]]
[[326 312  71 112]]
[[327 312  73 112]]
[[325 312  73 111]]
[[328 312  72 112]]
[[327 315  68 111]]
[[325 310  69 110]]
[[323 310  74 110]]
[[327 315  72 110]]
[[324 312  72 110]]
[[326 312  73 109]]
[[326 315  73 110]]
[[326 314  73 110]]
[[326 315  72 109]]
[[321 307  89 121]]
[[322 310  89 121]]
[[322 310  88 119]]
[[319 305  90 121]]
[[320 306  90 123]]
[[322 308  89 121]]
[[322 305  89 121]]
[[321 307  89 121]]
[[323 307  88 121]]
[[317 308  90 121]]
[[321 308  88 120]]
[[318 304  91 125]]
[[319 305  91 125]]
[[321 305  91 123]]
[[321 305  90 125]]
[[320 306  91 124]]
[[324 306  88 125]]
[[323 306  90 124]]
[[320 306  91 123]]
[[319 303  91 125]]
[[320 307  91 124]]
[[320 304  89 127]]
[[321 304  89 127]]
[[319 304  89 127]]
[[320 304  89 125]]
[[319 304  90 124]]
[[318 304  90 125]]
[[321 303  90 126]]
[[320 305  90 125]]
[[319 305  89 124]]
[[322 305  90 127]]
[[320 305  90 127]]
[[319 304  90 128]]
[[322 303  90 127]]
[[323 305  89 127]]
[[323 304  88 128]]
[[323 304  87 126]]
[[322 307  86 126]]
[[321 304  86 125]]
[[320 304  88 126]]
[[321 302  89 127]]
[[321 305  88 127]]
[[320 304  89 126]]
[[353 302  65 122]]
[[349 300  65 122]]
[[353 302  65 122]]
[[355 303  66 123]]
[[353 302  64 121]]
[[352 302  68 122]]
[[354 304  63 120]]
[[354 303  63 120]]
[[354 303  63 121]]
[[354 302  62 121]]
[[354 302  62 121]]
[[355 305  62 120]]
[[354 300  61 121]]
[[350 299  69 123]]
[[354 300  61 121]]
[[353 304  68 122]]
[[351 302  68 122]]
[[352 301  69 121]]
[[351 302  68 123]]
[[350 300  68 123]]
[[351 300  68 124]]
[[351 299  68 122]]
[[351 303  68 119]]
[[351 303  69 119]]
[[351 305  69 118]]
[[349 302  69 121]]
[[351 304  69 120]]
[[349 304  69 120]]
[[351 305  69 118]]
[[350 304  69 118]]
[[352 304  68 117]]
[[348 306  69 117]]
[[350 307  68 116]]
[[351 305  68 115]]
[[352 306  68 116]]
[[351 306  68 115]]
[[350 307  68 116]]
[[350 306  69 116]]
[[350 306  70 117]]
[[347 307  70 117]]
[[350 306  69 120]]
[[352 304  66 119]]
[[354 304  65 119]]
[[352 303  66 119]]
[[351 304  66 120]]
[[353 305  65 119]]
[[352 305  68 119]]
[[355 303  65 121]]
[[353 303  64 120]]
[[355 303  64 121]]
[[350 300  64 122]]
[[350 300  64 120]]
[[350 304  66 118]]
[[348 303  66 118]]
[[351 303  67 119]]
[[352 304  67 120]]
[[350 302  67 121]]
[[349 301  67 119]]
[[349 301  68 119]]
[[349 304  68 118]]
[[349 302  68 121]]
[[351 303  67 120]]
[[351 303  68 120]]
[[351 302  68 120]]
[[348 301  68 120]]
[[351 305  68 120]]
[[348 298  67 121]]
[[350 303  65 118]]
[[348 300  70 124]]
[[350 303  69 122]]
[[351 301  69 122]]
[[348 299  70 125]]
[[344 300  70 122]]
[[347 297  68 124]]
[[349 296  67 126]]
[[350 300  72 126]]
[[349 301  72 125]]
[[345 297  72 124]]
[[347 298  73 126]]
[[349 302  74 122]]
[[347 300  72 122]]
[[347 299  73 123]]
[[349 302  72 122]]
[[344 299  73 124]]
[[347 300  75 123]]
[[345 300  74 122]]
[[344 299  73 122]]
[[344 300  74 122]]
[[351 302  74 123]]
[[347 298  73 123]]
[[350 303  72 123]]
[[353 304  72 122]]
[[352 303  72 123]]
[[347 301  70 125]]
[[349 302  71 123]]
[[352 305  70 124]]
[[346 301  72 122]]
[[354 306  69 126]]
[[350 299  69 126]]
[[351 302  69 125]]
[[356 302  68 126]]
[[350 302  70 122]]
[[352 305  71 121]]
[[354 305  70 120]]
[[352 305  70 119]]
[[355 307  69 118]]
[[355 310  68 118]]
[[353 309  68 120]]
[[352 305  69 119]]
[[351 310  70 118]]
[[354 307  69 120]]
[[353 309  73 122]]
[[355 308  72 121]]
[[356 310  73 122]]
[[355 307  70 126]]
[[354 304  68 127]]
[[353 305  69 126]]
[[350 306  69 127]]
[[351 306  68 126]]
[[356 307  69 127]]
[[357 310  68 126]]
[[353 306  70 128]]
[[356 307  69 127]]
[[360 310  68 127]]
[[356 310  68 126]]
[[352 309  69 127]]
[[359 309  70 127]]
[[362 312  69 126]]
[[360 312  70 127]]
[[354 309  71 127]]
[[359 313  70 126]]
[[358 313  69 125]]
[[407 320  69 126]]
[[407 322  70 125]]
[[405 319  69 126]]
[[405 322  69 126]]
[[409 321  70 127]]
[[408 319  69 128]]
[[408 322  69 128]]
[[404 322  77 128]]
[[404 323  76 127]]
[[405 321  77 128]]
[[404 325  76 127]]
[[405 324  76 127]]
[[406 324  76 128]]
[[407 325  77 126]]
[[405 327  76 126]]
[[409 325  75 130]]
[[410 327  74 130]]
[[408 325  74 131]]
[[409 326  74 131]]
[[411 328  74 131]]
[[409 330  74 130]]
[[409 328  74 130]]
[[410 330  76 127]]
[[410 330  77 127]]
[[410 330  76 130]]
[[410 330  76 130]]
[[412 329  75 131]]
[[411 333  76 129]]
[[412 330  76 128]]
[[414 335  77 128]]
[[414 333  78 128]]
[[415 334  75 131]]
[[413 332  75 133]]
[[414 332  75 132]]
[[416 333  74 130]]
[[415 338  74 129]]
[[416 337  75 130]]
[[416 340  73 131]]
[[416 339  72 128]]
[[416 342  72 129]]
[[420 341  73 130]]
[[416 343  74 128]]
[[417 341  74 129]]
[[419 339  73 131]]
[[315 313  83 120]]
[[316 313  82 118]]
[[313 312  83 118]]
[[312 315  85 119]]
[[314 313  85 119]]
[[313 312  85 120]]
[[314 314  84 117]]
[[312 314  87 117]]
[[313 311  87 119]]
[[312 316  88 117]]
[[312 316  89 116]]
[[314 314  87 116]]
[[312 316  88 116]]
[[312 315  89 117]]
[[313 313  90 118]]
[[312 314  88 117]]
[[311 313  88 116]]
[[313 313  89 117]]
[[312 316  88 115]]
[[314 317  88 116]]
[[314 315  89 115]]
[[313 314  86 118]]
[[312 314  86 117]]
[[313 315  87 117]]
[[314 315  86 118]]
[[313 315  88 117]]
[[314 314  87 116]]
[[315 315  85 116]]
[[314 316  86 116]]
[[313 316  85 115]]
[[315 315  85 116]]
[[315 317  85 115]]
[[313 314  84 115]]
[[313 315  84 114]]
[[317 316  82 115]]
[[313 318  82 114]]
[[314 315  85 117]]
[[312 316  82 118]]
[[309 317  85 116]]
[[314 315  84 116]]
[[314 318  83 115]]
[[312 315  86 119]]
[[309 314  87 121]]
[[309 314  87 119]]
[[309 316  88 118]]
[[310 314  86 117]]
[[314 315  86 117]]
[[312 316  86 115]]
[[313 314  86 115]]
[[312 314  85 117]]
[[313 314  86 117]]
[[313 317  85 116]]
[[313 317  85 117]]
[[314 316  86 114]]
[[313 314  84 118]]
[[313 314  84 118]]
[[317 311  83 120]]
[[312 316  83 118]]
[[313 315  83 118]]
[[314 315  83 117]]
[[313 316  83 118]]
[[311 316  83 118]]
[[312 313  84 119]]
[[315 314  81 117]]
[[315 317  81 116]]
[[315 314  81 117]]
[[315 318  82 117]]
[[315 315  83 116]]
[[315 316  82 115]]
[[316 310  81 122]]
[[316 311  80 123]]
[[317 312  80 120]]
[[317 312  81 122]]
[[316 313  81 121]]
[[318 312  80 121]]
[[313 314  80 120]]
[[313 316  82 120]]
[[313 309  80 127]]
[[314 314  83 122]]
[[321 312  79 126]]
[[317 310  79 125]]
[[312 311  88 122]]
[[311 313  88 124]]
[[314 310  89 124]]
[[313 310  88 125]]
[[313 314  88 121]]
[[313 312  88 123]]
[[313 312  87 125]]
[[313 314  88 124]]
[[312 315  87 124]]
[[314 316  87 125]]
[[315 311  86 125]]
[[316 313  86 124]]
[[310 317  88 124]]
[[315 314  88 124]]
[[316 313  88 122]]
[[316 311  89 124]]
[[311 317  89 124]]
[[315 314  89 124]]
[[317 314  88 124]]
[[314 316  88 124]]
[[318 314  88 124]]
[[315 318  88 124]]
[[312 315  89 124]]
[[313 315  90 124]]
[[313 316  87 124]]
[[317 318  88 124]]
[[317 320  88 123]]
[[316 316  89 125]]
[[313 319  87 122]]
[[314 317  89 125]]
[[317 316  89 126]]
[[317 316  88 127]]
[[316 315  90 125]]
[[315 321  89 125]]
[[313 319  89 124]]
[[317 319  89 126]]
[[317 320  89 124]]
[[318 317  89 127]]
[[315 320  86 123]]
[[318 320  86 125]]
[[320 321  86 125]]
[[319 324  86 124]]
[[319 321  87 125]]
[[321 320  85 126]]
[[323 320  85 126]]
[[321 322  85 127]]
[[320 321  85 127]]
[[319 322  84 127]]
[[324 329  87 118]]
[[322 331  86 121]]
[[324 328  86 122]]
[[319 330  86 122]]
[[325 328  84 125]]
[[315 332  88 122]]
[[319 332  85 120]]
[[321 332  88 122]]
[[319 333  87 122]]
[[318 336  88 122]]
[[322 332  85 123]]
[[321 336  86 124]]
[[322 334  86 124]]
[[321 335  85 123]]
[[321 336  86 125]]
[[317 338  86 124]]
[[319 338  85 124]]
[[322 340  85 123]]
[[321 337  85 123]]
[[319 341  87 124]]
[[322 339  88 124]]
[[320 341  88 124]]
[[323 341  87 124]]
[[325 342  88 124]]
[[325 337  88 123]]
[[322 342  88 125]]
[[318 342  87 126]]
[[321 338  87 121]]
[[323 338  86 121]]
[[324 339  85 122]]
[[321 338  87 121]]
